1:
    326.40
    319.51
    323.08
    318.91
    319.43
    320.43
    323.42
    326.24
    319.93
    319.41
ave 321.68
1024:
    309.09
    263.75
    310.01
    271.79
    306.42
    299.34
    302.23
    291.12
    297.65
    273.96
ave 292.54
2048:
    277.10
    279.60
    293.86
    308.33
    297.94
    284.25
    282.23
    304.09
    266.91
    288.14
ave 288.25
4096:
    282.88
    267.12
    299.14
    263.81
    288.00
    263.30
    268.14
    287.94
    274.46
    261.56
ave 275.64
8192:
    261.61
    275.74
    262.01
    315.72
    286.71
    258.40
    261.40
    259.52
    273.76
    279.87
ave 273.47
16384:
    263.01
    281.92
    268.57
    269.64
    269.00
    274.38
    270.40
    266.02
    272.96
    263.79
ave 269.97
32768:
    491.16
    371.96
    373.93
    362.52
    417.41
    346.92
    315.49
    312.64
    412.27
    330.82
ave 373.51
65536:
    379.22
    363.65
    379.65
    427.42
    378.50
    416.82
    396.34
    383.03
    386.87
    376.51
ave 388.80
131072:
    459.16
    431.66
    357.28
    425.30
    418.07
    404.97
    422.63
    387.08
    414.08
    408.03
ave 412.83
196608:
    508.33
    549.85
    498.66
    523.86
    452.83
    552.36
    541.91
    562.46
    501.69
    511.16
ave 520.31
262144:
    607.69
    602.81
    517.66
    580.87
    613.83
    614.97
    618.57
    606.63
    598.86
    566.99
ave 592.89

1       321.68
1024    292.54
2048    288.25
4096    275.64
8192	273.47
16384	269.97
32768	373.51
65536	388.80
131072	412.83
196608	520.31
262144	592.89
